-0.048141 -0.653941 0.434218 -0.160583 0.816222 0.337398 -0.024010 0.798111 -0.806520 0.755826 0.537706 -0.317392 
-0.804010 0.941300 0.441563 -0.084712 0.650186 -0.016777 -0.606564 0.587482 -0.692457 0.427653 -0.102019 0.383221 
-0.618186 -0.147714 0.144513 -0.882586 -0.437553 -0.018522 0.035915 0.618409 0.221092 0.161761 -0.803757 0.273960 
-0.153024 -0.961761 -0.506495 -0.908525 -0.227466 -0.988604 -0.372859 0.796012 -0.188834 0.161676 -0.288995 0.916599 
0.062230 0.995701 -0.144521 -0.205992 0.102841 -0.126321 -0.817083 -0.708950 -0.637467 -0.892145 -0.913819 -0.069552 
0.913955 0.276479 -0.830317 -0.142674 0.813942 0.877594 -0.632265 0.581267 0.295843 0.252680 0.026758 0.834591 
-0.490225 0.868744 0.240678 -0.240288 0.289333 -0.606564 -0.519959 -0.714269 0.006442 -0.676641 -0.352457 -0.041960 
-0.515812 0.028827 0.077573 0.239179 0.160900 -0.376348 0.759848 0.025489 0.137727 0.419790 -0.929601 0.170182 
0.637243 -0.488972 -0.829138 -0.181168 0.204162 0.475202 -0.898723 -0.295547 -0.466607 0.612477 -0.801256 -0.059080 
0.446260 0.796401 0.731526 0.565072 0.097968 -0.366026 0.898991 -0.341705 -0.046685 0.446530 0.634120 -0.701836 
-0.916606 0.540057 0.252191 -0.802277 0.178438 0.302102 -0.819290 0.358306 0.394171 -0.205751 -0.889118 0.733028 
0.623499 -0.408863 -0.649965 -0.987883 0.025801 -0.562767 -0.237627 -0.190475 0.796229 0.109162 0.838932 -0.495641 
-0.517969 -0.192106 -0.661953 -0.846686 0.459691 0.962802 0.713423 0.787491 -0.806939 0.251515 0.980187 -0.755829 
-0.911703 0.889632 0.957106 0.982467 0.042044 0.256496 -0.645991 -0.062553 -0.017999 0.900797 -0.588018 -0.643224 
0.388855 -0.883578 0.480831 0.704180 0.721959 -0.689946 -0.587077 -0.752529 -0.406661 0.932474 -0.858558 -0.395899 
0.600597 -0.756205 -0.604050 0.980626 -0.043818 -0.236367 0.988620 -0.242561 -0.074598 0.465987 0.561210 -0.485656 
0.827305 -0.123789 0.771499 -0.671100 -0.006981 0.554504 0.520081 -0.426797 0.307839 0.717173 0.578175 0.676178 
-0.504776 0.749911 0.377116 0.115330 0.035745 -0.400158 0.483020 -0.329774 -0.908475 -0.738003 -0.693660 0.822033 
0.504038 0.130062 -0.051971 0.246047 0.040886 -0.257356 -0.453736 -0.061572 0.237722 0.981839 -0.303670 -0.093209 
-0.339996 -0.738164 0.903548 -0.774621 -0.010061 -0.909930 0.388121 0.806217 0.636510 0.747362 0.855810 -0.072017 
-0.988048 -0.696066 -0.220824 0.517638 0.079370 0.296016 -0.276825 0.132438 0.752825 0.107037 0.278121 -0.389591 
0.659226 0.087076 0.484442 0.144503 -0.074146 -0.539591 0.391480 -0.485103 0.158432 0.571854 -0.942995 -0.942220 
-0.231526 -0.582209 -0.294432 0.520601 -0.478905 -0.087887 0.422561 -0.586410 -0.404807 -0.765756 -0.161416 0.247199 
0.006103 0.300040 -0.394909 -0.160124 0.992239 0.433744 -0.738089 -0.000457 0.996201 0.548612 -0.327706 -0.482070 
-0.272999 -0.591036 -0.820502 0.325029 0.094079 -0.547166 0.633564 0.687893 0.404731 -0.371434 -0.024912 1.064329 
0.798971 0.839856 0.893422 0.704034 -0.939775 -0.380448 0.458378 0.735961 0.779493 0.266097 -0.523570 0.658777 
0.163012 -0.508809 0.033085 -0.104982 0.002134 -0.438589 -0.277639 0.922865 0.982906 -0.834223 0.066322 -0.357944 
-0.835322 -0.998706 -0.334003 0.654120 -1.789054 -0.133936 0.670390 -1.117685 -0.627626 -0.148010 0.200393 -0.377309 
